computeHistogramOrder:
kanzi.Global.computeHistogramOrder0,1,0,0,0,0,0,0,0,0,0,0,0,0,0,0,0,0,0,0,0,0,0,0,1646.1932327942295,787.5725251584474

config 1
kanzi.Global.computeHistogramOrder0,0,0,0,0,0,0,0,0,0,0,0,1,0,0,0,0,0,0,0,0,0,0,0,353.30082431029183,398.7706272111357
kanzi.Global.computeHistogramOrder0,0,0,0,0,0,0,0,0,0,0,0,0,0,0,0,1,0,0,0,0,0,0,0,567.8860213053107,637.1212938803424

time: 2567.38007840983203
energy: 1823.4644462499255

config 2
kanzi.Global.computeHistogramOrder0,0,0,0,0,0,0,0,0,1,0,0,0,0,0,0,0,0,0,0,0,0,0,0,486.4208546386364,410.5918141785507
kanzi.Global.computeHistogramOrder0,0,0,0,0,0,0,0,0,0,0,0,0,0,0,0,0,1,0,0,0,0,0,0,1472.42229908308,1432.325580435906

time: 3605.0363865159459
energy: 2630.4899197729041

config 3
kanzi.Global.computeHistogramOrder0,0,0,0,0,1,0,0,0,0,0,0,0,0,0,0,0,0,0,0,0,0,0,0,326.37502130528713,164.2267996996626
kanzi.Global.computeHistogramOrder0,0,0,0,0,0,0,0,0,0,0,0,0,0,0,0,0,1,0,0,0,0,0,0,1472.42229908308,1432.325580435906

time: 3444.99055318259663
energy: 2384.124905294016

----------------------------------------------------------------------------------------------------------------------------------------

BlockCompressor$FileCompressTask:
kanzi.app.BlockCompressor$FileCompressTask.call,1,0,0,0,0,0,0,0,0,0,0,0,0,0,0,0,0,0,0,0,0,0,0,-5.595769609711293,-0.7009967722308659

config 1
kanzi.app.BlockCompressor$FileCompressTask.call,0,0,0,0,0,0,0,0,0,0,0,0,1,0,0,0,0,0,0,0,0,0,0,-27.58399208537004,-39.27973541929604
kanzi.app.BlockCompressor$FileCompressTask.call,0,0,0,0,0,0,0,0,0,0,0,0,0,0,0,0,1,0,0,0,0,0,0,4.1884897046786485,3.6215518156300925

time: -28.9912719904026845
energy: -36.3591803758968134

config 2
kanzi.app.BlockCompressor$FileCompressTask.call,0,0,0,0,0,0,0,0,0,1,0,0,0,0,0,0,0,0,0,0,0,0,0,-9.097046139437216,-6.020364795489295
kanzi.app.BlockCompressor$FileCompressTask.call,0,0,0,0,0,0,0,0,0,0,0,0,0,0,0,0,0,1,0,0,0,0,0,38.319942085634395,72.59001184291762

time: 23.627126336485886
energy: 65.8686502751974591

config 3
kanzi.app.BlockCompressor$FileCompressTask.call,0,0,0,0,0,1,0,0,0,0,0,0,0,0,0,0,0,0,0,0,0,0,0,30.925953860533117,32.15415405471542
kanzi.app.BlockCompressor$FileCompressTask.call,0,0,0,0,0,0,0,0,0,0,0,0,0,0,0,0,0,1,0,0,0,0,0,38.319942085634395,72.59001184291762

time: 63.650126336456219
energy: 104.0431691254021741

----------------------------------------------------------------------------------------------------------------------------------------

DefaultOutputBitStream
kanzi.bitstream.DefaultOutputBitStream.<init>,1,0,0,0,0,0,0,0,0,0,0,0,0,0,0,0,0,0,0,0,0,0,0,3124.653396294664,1494.898117997739

config 1
kanzi.bitstream.DefaultOutputBitStream.<init>,0,0,0,0,0,0,0,0,0,0,0,0,1,0,0,0,0,0,0,0,0,0,0,174.8421894005453,198.9936559345541
kanzi.bitstream.DefaultOutputBitStream.<init>,0,0,0,0,0,0,0,0,0,0,0,0,0,0,0,0,1,0,0,0,0,0,0,4281.641586515503,3389.4377210365305

time: 7581.1371722107123
energy: 5083.3294949688236

config 2
kanzi.bitstream.DefaultOutputBitStream.<init>,0,0,0,0,0,0,0,0,0,1,0,0,0,0,0,0,0,0,0,0,0,0,0,-443.6562604790439,-83.3307655943907
kanzi.bitstream.DefaultOutputBitStream.<init>,0,0,0,0,0,0,0,0,0,0,0,0,0,0,0,0,0,1,0,0,0,0,0,-94.5863725008806,-28.1470332530194

time: 2586.4107633147395
energy: 1383.4203191503289

config 3
kanzi.bitstream.DefaultOutputBitStream.<init>,0,0,0,0,0,1,0,0,0,0,0,0,0,0,0,0,0,0,0,0,0,0,0,565.2808706567139,634.19852964647
kanzi.bitstream.DefaultOutputBitStream.<init>,0,0,0,0,0,0,0,0,0,0,0,0,0,0,0,0,0,1,0,0,0,0,0,-94.5863725008806,-28.1470332530194

time: 3595.3478944504973
energy: 2100.9496143911896